x_filter:
    in_coef: [0.00477952850316041, -0.017827843732432628, 0.02133463381903281, 0.0, -0.02133463381903281, 0.017827843732432624, -0.00477952850316041]
    out_coef: [-5.691356164442124, 13.6929827386752, -17.818776437449383, 13.22611247371713, -5.3100044118982845, 0.901263913122391]
y_filter:
    in_coef: [0.004089453810784436, -0.013354414837795602, 0.014847937497981823, 0.0, -0.014847937497981823, 0.013354414837795602, -0.004089453810784436]
    out_coef: [-4.950151699635935, 11.074514320959294, -14.093607485952553, 10.750243222185905, -4.6644901480190075, 0.9147439680658163]
baseline_filter:
    in_coef: [0.000689782274448917, -0.0025092973678783304, 0.002971490889697712, 0.0, -0.002971490889697712, 0.0025092973678783304, -0.000689782274448917]
    out_coef: [-5.447102955119436, 12.87540194547167, -16.826181095869945, 12.811807423618697, -5.3934270892516425, 0.9852556650491906]
smooth_filter:
    in_coef: [0.003406439119826039, -0.003139475150201823, -0.003139475150201823, 0.003406439119826039]
    out_coef: [-2.9137129783371485, 2.8426746259167683, -0.9284277196403714]
