x_filter:
    in_coef: [1.9495015947832287e-06, -1.4589299169579593e-05, 4.674352747443367e-05, -8.006558354202509e-05, 6.851033269566627e-05, -1.9243747833530021e-19, -6.851033269566646e-05, 8.00655835420251e-05, -4.674352747443366e-05, 1.4589299169579593e-05, -1.9495015947832287e-06]
    out_coef: [-9.574998279821067, 41.62514078352753, -108.16705094759524, 186.03867942185147, -221.26679001497214, 184.29596883380523, -106.15005812455271, 40.466325552903854, -9.221250318094858, 0.9540354614515089]
y_filter:
    in_coef: [6.4209518372541485e-06, -6.110810776438766e-05, 0.0002791417080911815, -0.0008069075813764283, 0.0016412973925363041, -0.0024725816283262666, 0.0028274807635936244, -0.0024725816283262697, 0.0016412973925363041, -0.0008069075813764284, 0.0002791417080911819, -6.110810776438765e-05, 6.4209518372541485e-06]
    out_coef: [-9.991699885075963, 47.5253384341201, -141.7241547104771, 294.4190709641573, -448.23152982302435, 512.3947397238458, -443.040971405701, 287.6397870019339, -136.8574810393778, 45.36195576023763, -9.426452692823545, 0.9325072693442091]
smooth_filter:
    in_coef: [6.412750207951493e-06, -4.3011741814601674e-05, 0.00011903075605028509, -0.0001631437882560032, 8.071208820650813e-05, 8.071208820650782e-05, -0.0001631437882560035, 0.00011903075605028509, -4.301174181460168e-05, 6.412750207951493e-06]
    out_coef: [-8.846402041648139, 34.8208361129778, -80.0412569587898, 118.40929973579976, -116.90870680484808, 77.0362242429203, -32.66887587107972, 8.09031285709927, -0.8914312723027094]
