x_filter:
    in_coef: [0.00477952850316041, -0.017827843732432624, 0.021334633819032806, 0.0, -0.021334633819032806, 0.01782784373243262, -0.00477952850316041]
    out_coef: [-5.691356164442124, 13.6929827386752, -17.818776437449383, 13.22611247371713, -5.3100044118982845, 0.901263913122391]
y_filter:
    in_coef: [0.004089453810784435, -0.013354414837795599, 0.014847937497981823, 0.0, -0.014847937497981824, 0.013354414837795599, -0.004089453810784435]
    out_coef: [-4.950151699635935, 11.074514320959294, -14.093607485952553, 10.750243222185905, -4.6644901480190075, 0.9147439680658163]
smooth_filter:
    in_coef: [0.0034064391198260387, -0.0031394751502018224, -0.0031394751502018224, 0.0034064391198260387]
    out_coef: [-2.9137129783371485, 2.8426746259167683, -0.9284277196403714]
