x_filter:
    in_coef: [3.526811683474168e-06, -2.5598038950526972e-05, 8.349589497882773e-05, -0.0001600158050768596, 0.00019718237804742337, -0.0001600158050768597, 8.349589497882773e-05, -2.5598038950526972e-05, 3.526811683474168e-06]
    out_coef: [-7.673190552149503, 26.055272669374585, -51.11831486597005, 63.36460141417881, -50.81327840623765, 25.74524440190571, -7.536646357247427, 0.9763442980534164]
y_filter:
    in_coef: [3.0595745547840286e-06, -2.0047273334439158e-05, 5.8262014177298284e-05, -9.331088310293854e-05, 7.675933015747043e-05, -2.4263307096220915e-19, -7.675933015747067e-05, 9.331088310293854e-05, -5.8262014177298284e-05, 2.0047273334439158e-05, -3.0595745547840286e-06]
    out_coef: [-8.33586642013361, 32.74682690076681, -79.3646486837009, 131.03236493925613, -153.75677041916884, 129.80521592743085, -77.88507726332284, 31.835381041072495, -8.027964244541026, 0.9540452735602947]
smooth_filter:
    in_coef: [6.412750207951493e-06, -4.3011741814601674e-05, 0.00011903075605028509, -0.0001631437882560032, 8.071208820650813e-05, 8.071208820650782e-05, -0.0001631437882560035, 0.00011903075605028509, -4.301174181460168e-05, 6.412750207951493e-06]
    out_coef: [-8.846402041648139, 34.8208361129778, -80.0412569587898, 118.40929973579976, -116.90870680484808, 77.0362242429203, -32.66887587107972, 8.09031285709927, -0.8914312723027094]
