x_filter:
    in_coef: [0.00477952850316041, -0.017827843732432624, 0.021334633819032806, 0.0, -0.021334633819032806, 0.01782784373243262, -0.00477952850316041]
    out_coef: [-5.691356164442124, 13.6929827386752, -17.818776437449383, 13.22611247371713, -5.3100044118982845, 0.901263913122391]
y_filter:
    in_coef: [3.0595745547840286e-06, -2.0047273334439158e-05, 5.8262014177298284e-05, -9.331088310293854e-05, 7.675933015747043e-05, -2.4263307096220915e-19, -7.675933015747067e-05, 9.331088310293854e-05, -5.8262014177298284e-05, 2.0047273334439158e-05, -3.0595745547840286e-06]
    out_coef: [-8.33586642013361, 32.74682690076681, -79.3646486837009, 131.03236493925613, -153.75677041916884, 129.80521592743085, -77.88507726332284, 31.835381041072495, -8.027964244541026, 0.9540452735602947]
smooth_filter:
    in_coef: [0.0034064391198260387, -0.0031394751502018224, -0.0031394751502018224, 0.0034064391198260387]
    out_coef: [-2.9137129783371485, 2.8426746259167683, -0.9284277196403714]
